0.721
0,4,1678880603
4,0,1685365352
0,4,1469174690
4,0,1989490931
0,4,2049461606
0,4,2187665340
0,4,1880486592
0,4,1999082500
4,0,1984393203
4,0,2211351615
0,4,1795959733
4,0,1977641795
4,0,2298766834
0,4,1564855353
0,4,2179106755
4,0,2017349405
0,4,2052119660
0,4,1793706336
4,0,1752124791
4,0,1573392336
0,4,1880458216
0,4,1835887178
4,0,2012557382
4,0,2065108634
4,0,1792538135
4,0,2204867919
0,4,1678492947
4,0,2066281566
4,0,2257124058
4,0,2176477147
0,4,1979683045
0,4,1880267634
4,0,2300885132
4,0,2054590838
4,0,1969494477
4,0,2266129775
4,0,1969718774
0,4,2006532087
4,0,2261286948
0,4,2002833024
4,0,2325376673
4,0,2325050123
4,0,2190875744
4,0,2175494955
4,0,1883104826
0,4,2065281189
4,0,1966550460
4,0,1985820444
0,4,2063413171
4,0,1880130173
4,0,1793609450
0,4,2070269238
4,0,1677593646
4,0,2202109156
4,0,2239703480
4,0,2204819292
0,4,1965620313
4,0,2055322852
4,0,2213807569
4,0,1753431870
0,4,1548700297
4,0,1550838931
4,0,1969464607
0,4,2070703175
0,4,1996066741
0,4,1834364862
4,0,2053543748
0,4,1956421114
0,4,1827648079
4,0,2006624731
0,4,1792073269
0,4,2001076939
0,4,2054921288
0,4,2182405376
4,0,2070183042
0,4,1979698808
0,4,2062399417
0,4,2030213594
0,4,2189605228
0,4,2071914271
0,4,1981029899
0,4,1974741993
4,0,1957497862
0,4,1988770562
4,0,2226215344
0,4,2176277100
4,0,1983127514
0,4,1963820192
4,0,2259414426
4,0,2061891319
4,0,2176430450
4,0,2192834809
0,4,2179554578
4,0,2006290912
0,4,1997659079
4,0,2060423355
0,4,1553584021
4,0,2259432737
4,0,1880538473
0,4,2175159397
0,4,1795134642
4,0,2243049546
4,0,2237917924
0,4,1754524035
4,0,1835988870
0,4,1824621390
4,0,2251705745
0,4,2058829297
4,0,1979678900
0,4,2013178948
0,4,1759817127
0,4,2009186598
0,4,2188820943
0,4,1794268637
4,0,1752443716
0,4,1695657091
0,4,1993665707
0,4,1753415392
0,4,2060924768
0,4,2014295733
0,4,2180750301
0,4,1770746727
4,0,2197687359
0,4,2008625149
0,4,1995128672
4,0,1964503968
0,4,1880934027
0,4,2049878032
4,0,2179395568
0,4,1982049837
0,4,1980254470
4,0,2218737777
4,0,2185353107
4,0,2204887835
4,0,1677370967
0,4,1967455796
4,0,1983718062
0,4,2003317043
0,4,1882797844
0,4,1468268968
4,0,2327529437
0,4,1836456373
4,0,1975655102
4,0,2247445403
4,0,1678334441
4,0,2259825671
0,4,2001322140
0,4,1964545474
4,0,1992975233
0,4,1573718285
4,0,2299667383
0,4,1825559196
4,0,1687360159
0,4,2015556169
4,0,2263676386
0,4,2174519343
0,4,2191149566
0,4,1963199940
0,4,1694533257
0,4,1686216416
0,4,2062290214
4,0,1981443860
0,4,1979558827
0,4,1972666999
0,4,2188448988
4,0,2250675995
0,4,1558343258
0,4,1966596581
0,4,1694882523
4,0,2015627378
4,0,2249909156
0,4,1834307574
0,4,1990841329
0,4,1960389892
0,4,2184556115
4,0,1468636811
4,0,2203664869
0,4,2071945748
0,4,2071729576
4,0,1997009055
0,4,1834535400
0,4,2018732908
4,0,2301201253
4,0,2001240698
4,0,2195930480
0,4,2174736677
4,0,1834605969
4,0,1992871959
0,4,2190751703
4,0,1686274417
4,0,2180952604
0,4,2066029270
4,0,2260599722
4,0,2011239116
4,0,1754696920
0,4,2060528023
4,0,1676686727
0,4,1967983859
4,0,2181320972
4,0,1564219855
4,0,1791791919
4,0,1752524436
4,0,2053710078
4,0,2210282712
0,4,1976091889
4,0,2055220476
4,0,1994142588
4,0,1989758245
4,0,1794463713
0,4,2177881704
4,0,2063169338
0,4,2064495483
0,4,2056260561
0,4,1983693102
4,0,1752767220
0,4,1983793863
4,0,2224977656
0,4,2180103909
0,4,2067219174
4,0,2015322129
0,4,1880626096
4,0,2050955778
4,0,2055025533
0,4,1970285166
4,0,1972729453
0,4,2007163626
0,4,1970221818
0,4,2185487113
0,4,1932276847
0,4,1990009406
4,0,1976366758
0,4,1559908144
4,0,2194155386
0,4,1677504257
4,0,1883253969
0,4,1968268992
0,4,2065625176
4,0,1975619383
4,0,1975547988
4,0,1823808919
0,4,2058181085
4,0,2204432748
0,4,1793987031
4,0,2202326485
4,0,2327318381
0,4,2064168025
4,0,1573580743
4,0,1751202385
4,0,1984879707
0,4,1827469657
4,0,2244563853
4,0,1990788016
4,0,2298765694
0,4,1995956924
4,0,2257008759
0,4,1961355870
0,4,1964939778
0,4,1981969904
0,4,1990524894
4,0,1969576118
4,0,2065175912
4,0,2258584674
0,4,1961298221
0,4,1468653891
4,0,2259576394
4,0,1957119110
4,0,2175714348
0,4,1964918648
0,4,1564733573
0,4,2052826175
4,0,2050955105
0,4,2187794912
4,0,1932858264
4,0,2064182414
4,0,2254538889
0,4,2054918386
0,4,1999708883
4,0,1760272761
4,0,1963373265
4,0,1835058460
4,0,2013653469
0,4,2054934009
0,4,2067315849
4,0,2237360776
4,0,1968098065
4,0,1692600037
4,0,2039652474
0,4,2063803775
4,0,2000835553
0,4,1978971910
4,0,2324794742
0,4,2193153389
4,0,2325278461
0,4,1972226044
0,4,2192536354
0,4,1687042965
0,4,1755842151
0,4,2190832566
0,4,1981390181
0,4,1834661351
4,0,1559940226
4,0,1969158469
4,0,2065676615
0,4,1676064946
4,0,1573664189
0,4,1753518278
0,4,2017704222
0,4,2048010284
0,4,2061667449
0,4,1693322917
4,0,1981103582
4,0,1676752163
4,0,2231069633
4,0,2322074674
4,0,2048381138
0,4,1992520476
0,4,1882128427
0,4,1827098699
0,4,2182479719
4,0,1971329093
0,4,2056626293
0,4,1882268773
0,4,1881542792
0,4,1975740156
4,0,1997939625
4,0,1680165161
0,4,2174751742
0,4,1833556451
4,0,1754491290
0,4,2191530673
4,0,1880782217
4,0,2260513396
4,0,1995928037
4,0,1978704138
4,0,2183834443
0,4,1880904154
0,4,2013974188
0,4,2177067197
4,0,2223989807
0,4,2185379003
4,0,1967342030
0,4,2048516472
4,0,1968874171
0,4,1833986077
4,0,2222177875
0,4,2069567914
4,0,1986581930
4,0,2058356594
0,4,2063769679
4,0,1881150585
4,0,2241540513
4,0,1963648265
0,4,1836416414
4,0,1556595537
0,4,1977997080
4,0,1985866989
0,4,1980433807
4,0,1962580479
0,4,1956211993
4,0,2199572160
0,4,2063572918
4,0,2003493750
0,4,1991385377
4,0,1997261281
4,0,2217030191
0,4,2047902007
4,0,1981161655
4,0,1970279601
4,0,2012798441
4,0,1993894682
4,0,1564235860
0,4,1995191483
4,0,1972913509
0,4,1970716781
0,4,2061921588
4,0,2060667381
0,4,1965638677
0,4,2177096895
0,4,2049384285
0,4,1989631122
0,4,2003792939
4,0,2031171128
4,0,1981127497
4,0,1965949112
0,4,1881580411
4,0,1824524647
4,0,2014730504
4,0,2295556871
4,0,2065672240
4,0,2012926711
4,0,1468416968
4,0,1825436712
0,4,1693631521
4,0,2048760927
4,0,1760069536
0,4,1833965499
0,4,2186247335
4,0,1755249365
0,4,2002844615
0,4,2047296850
0,4,1962678655
0,4,1823921088
4,0,1966734163
4,0,2186644598
4,0,1676445454
4,0,1984052843
0,4,1989832354
4,0,1834617869
0,4,2051645543
4,0,2322753794
4,0,2230033326
4,0,2237125463
4,0,2175595552
0,4,1759970378
4,0,2016932251
0,4,1678336120
4,0,2049771496
0,4,2018011913
4,0,2258635834
4,0,1694392093
4,0,1983581062
4,0,1985809820
0,4,1982835826
4,0,2016320660
4,0,2186588838
0,4,1468600795
0,4,2071869155
4,0,2048427770
4,0,2050405738
4,0,1694284101
4,0,1752697690
0,4,1824133800
0,4,1792481006
0,4,2050904698
0,4,2032885050
0,4,2058861576
4,0,2325229821
4,0,2207136979
4,0,1557389763
4,0,1554077213
0,4,1693744289
0,4,1833224405
0,4,1977996441
4,0,2048818818
4,0,2017156613
0,4,1685871179
4,0,2174971961
4,0,2195108050
4,0,1834222944
4,0,2194048360
4,0,2236454826
0,4,2039972565
0,4,1832769582
0,4,1979566665
4,0,1986920737
0,4,1564381575
4,0,1564299946
4,0,1967303916
4,0,1686460358
0,4,2016175717
4,0,2031238773
0,4,1564585458
0,4,2176603163
0,4,2189212385
4,0,2188664362
4,0,1676947102
4,0,2261157173
0,4,1822323345
0,4,1883560665
4,0,1961429900
0,4,1963199198
4,0,2059895457
4,0,2302584766
0,4,1979256390
0,4,1825200700
0,4,2002253983
0,4,1558424919
4,0,2204058479
0,4,1880103290
4,0,2236125408
4,0,1551649043
4,0,2052597930
0,4,1793658942
4,0,2220843642
0,4,1548812521
0,4,1998269815
0,4,1880609719
0,4,1992996284
0,4,2002411368
0,4,2069472657
4,0,2221264266
4,0,1933168908
0,4,1552035688
0,4,1880841222
4,0,2015588045
4,0,1984121255
4,0,2248489157
4,0,2245829482
4,0,2262128269
0,4,1996193781
0,4,2053379325
0,4,2061046866
4,0,1823416419
0,4,2053022842
0,4,2175222775
0,4,2178342977
4,0,1976830613
0,4,1880039125
0,4,1978854801
4,0,1564539621
4,0,2018590004
4,0,1883469454
4,0,2062000752
0,4,2189469200
4,0,2064916315
0,4,1957629260
4,0,1753482956
0,4,1693934208
4,0,2205852360
0,4,2051643286
4,0,2298670709
4,0,1685870875
0,4,1970338464
0,4,1974675381
0,4,1932774181
0,4,1563448050
4,0,1685959265
4,0,1998163432
0,4,1990770225
0,4,1827447858
0,4,2002002173
4,0,1973262315
4,0,2072286857
0,4,1972098073
4,0,2053703659
0,4,2064711519
0,4,2064507453
4,0,1972909222
0,4,2051373871
4,0,1693809577
4,0,2048339592
0,4,2048073856
4,0,2063339986
4,0,2302270025
0,4,1982908226
0,4,2052060687
0,4,2016122955
0,4,1995593099
0,4,2063022276
0,4,1976520175
0,4,1834428893
4,0,2302196681
0,4,2000304403
0,4,1564022098
4,0,2205171816
0,4,1693119391
0,4,2017104199
4,0,2207567917
4,0,1974666481
4,0,2070612620
0,4,1770809502
4,0,1793896760
4,0,2201820383
0,4,1573617648
0,4,2052096929
4,0,2252435182
4,0,1687215166
0,4,1957015189
0,4,1558214781
4,0,2223078904
0,4,1565687097
0,4,1977260769
4,0,1685724986
0,4,2014804810
0,4,1973897508
0,4,2056896857
0,4,1795957203
0,4,2014886961
4,0,2213999563
0,4,1999667965
0,4,2175636180
4,0,2066004009
0,4,1980025682
4,0,2241361633
4,0,2053918152
4,0,2175060446
4,0,2231822283
4,0,1995038222
0,4,1694727520
0,4,1975957140
0,4,2175419894
0,4,1970943057
4,0,2179791606
4,0,1979910058
4,0,1964854224
0,4,1822429796
0,4,2011312876
4,0,1976215769
4,0,1984465655
0,4,1996045212
4,0,2050846354
4,0,2014218959
0,4,2185144502
4,0,2179947074
0,4,1970922383
0,4,2060596900
4,0,2061539967
4,0,1956311580
4,0,1986902227
0,4,1965826470
4,0,1686335394
4,0,2221599649
4,0,1795691416
0,4,1972789851
4,0,2054655011
0,4,1880477820
4,0,1827568025
4,0,2048679195
4,0,1972040388
0,4,1823739979
0,4,1754599378
0,4,1834020956
0,4,2189607529
0,4,1686877455
0,4,1971031747
4,0,2191933344
4,0,1990982390
0,4,2067144644
0,4,1969440440
0,4,1992893061
0,4,2003264493
4,0,2191189250
0,4,1989410643
0,4,1984464114
0,4,1559006753
0,4,1978747539
4,0,1880429207
0,4,1685538264
4,0,1573342600
0,4,1834885585
0,4,1984072241
0,4,1793204245
0,4,1679350283
4,0,1966112406
0,4,1991349719
4,0,2258098163
4,0,1550762111
4,0,2067911014
4,0,1960576036
0,4,2063041301
0,4,2191235729
0,4,2185579295
0,4,1970674292
0,4,1686183338
0,4,2049286458
4,0,1882326318
4,0,2200720560
4,0,1971955325
0,4,2014035669
0,4,1979481632
0,4,2071476597
0,4,2169480658
0,4,2061966237
4,0,2259457916
4,0,2050987503
0,4,1990564956
0,4,1825240263
0,4,1835425436
4,0,1963462813
0,4,1755059583
0,4,1827428252
4,0,2053969766
4,0,1555693252
4,0,2063627990
4,0,2212860208
0,4,2178933802
4,0,2195265794
4,0,2322388642
4,0,2012820058
4,0,2175493841
0,4,2056823033
0,4,1680313288
0,4,1751034655
0,4,1880895639
0,4,2016175265
0,4,2052661577
4,0,2047027958
0,4,2069433410
0,4,1880598499
4,0,2189583714
4,0,1997655687
4,0,1557328620
4,0,1793773245
4,0,2297939469
4,0,1967190265
0,4,1677536277
4,0,2045841787
4,0,2014175658
0,4,2014629488
0,4,1989933460
4,0,2050682617
4,0,1984730378
0,4,2047672703
0,4,2047792435
0,4,2017702571
4,0,1751138541
0,4,1974660315
0,4,1984815393
0,4,2000632819
0,4,2014308011
4,0,2262872873
4,0,2250559581
0,4,2003711900
4,0,1548853933
0,4,2015799252
4,0,2003023406
0,4,2175988300
0,4,1985507265
0,4,1971268786
4,0,1553365164
4,0,2000410619
0,4,2067741466
0,4,2175532048
0,4,2001821426
4,0,2324962569
4,0,1974832808
0,4,2052502305
0,4,2052989244
0,4,1976776633
0,4,2174766697
0,4,1978438587
0,4,2012969871
0,4,1771003528
0,4,1990698900
4,0,2197702001
0,4,2059464634
0,4,2061348244
0,4,1832659418
4,0,2044614329
4,0,1792693919
4,0,1964640319
0,4,1564987841
0,4,1983710380
4,0,2197190677
0,4,1982310761
4,0,1551520870
4,0,1691269955
0,4,1881417341
0,4,1989796801
4,0,2324017573
4,0,1979858711
0,4,1468938119
0,4,1996024508
0,4,2050640153
0,4,1824201914
0,4,2062063874
0,4,2051459684
4,0,2324020620
0,4,2064712152
4,0,1678548313
0,4,2190364340
0,4,1881041117
0,4,2050361434
4,0,1975210452
4,0,2069410158
4,0,1880858882
0,4,1988864101
4,0,1971680639
0,4,2187662584
0,4,1978776042
0,4,1993123737
4,0,2286770297
0,4,2054561308
0,4,1558213373
0,4,2049597630
0,4,1694165895
0,4,2058045970
4,0,2245739439
4,0,2299762394
0,4,2001311901
4,0,2018598033
0,4,1978263890
4,0,2200286744
4,0,2235087403
0,4,1979807235
4,0,2203942816
0,4,1880618059
4,0,2286926084
0,4,1753310108
4,0,2191537233
4,0,2237414613
0,4,1973569886
0,4,2004201964
0,4,1686335262
0,4,2052924377
4,0,2202078561
4,0,1824280719
0,4,1678693599
4,0,2185588966
0,4,2069363159
0,4,2006617540
0,4,2001588719
0,4,1791938654
4,0,2206744930
0,4,1984668456
4,0,2253881016
4,0,2328474171
4,0,1835932768
0,4,1968024018
0,4,1977195632
4,0,1551298222
4,0,2233049745
0,4,2188957214
4,0,1997093601
4,0,2257757385
4,0,2233044818
0,4,1976109543
0,4,1834952043
0,4,1828037866
4,0,1552056553
0,4,2178369388
0,4,1563558073
0,4,2063504061
0,4,2190399754
4,0,1827587440
4,0,2221333503
0,4,2063050600
0,4,2191030535
4,0,2263792095
4,0,1685725616
0,4,2008559961
4,0,2266127381
4,0,1880394133
4,0,1558618514
0,4,2191630764
4,0,2051711369
4,0,2179739394
0,4,1990213029
4,0,2295404986
0,4,1997541738
0,4,2039910869
4,0,1685413117
4,0,1574106077
0,4,2003710175
0,4,1824804465
4,0,2230586971
4,0,1751741474
0,4,1565330750
4,0,1983427578
4,0,1691972876
0,4,1879921482
0,4,1932461709
0,4,2017643225
4,0,1986044144
4,0,2221249487
0,4,1551683036
0,4,1573193747
0,4,1986619770
4,0,1932855147
4,0,1989363987
0,4,1971515559
4,0,2236523671
4,0,1836454904
4,0,2062305248
4,0,1795954130
0,4,1983952145
4,0,2187202540
0,4,1687766121
0,4,1880756424
4,0,1564317284
4,0,2006458501
0,4,2002498280
0,4,1981658974
4,0,2301379387
4,0,1997120451
0,4,1836458953
0,4,1676253209
4,0,1573685091
0,4,2177682346
0,4,1834516261
0,4,1825438104
4,0,2066526485
0,4,2180304073
4,0,2013545135
4,0,1932285374
4,0,2301210133
4,0,2069579221
4,0,1548778307
4,0,2233645391
0,4,2053858057
4,0,2072450356
0,4,1979138878
4,0,2185893285
4,0,1956702799
4,0,1833954924
0,4,1548318058
4,0,2187561179
4,0,2259997659
0,4,2044735634
0,4,2188927424
0,4,1995043358
4,0,2198866663
0,4,2071520020
4,0,1995997406
4,0,2248657929
4,0,1984505941
0,4,2014452437
4,0,2226412430
0,4,2001965645
0,4,2189319949
0,4,1977478446
0,4,2069637857
0,4,2065820335
4,0,1823834710
4,0,2253327785
0,4,2192605352
0,4,2002858836
0,4,1685127332
4,0,2176171859
0,4,1963135793
0,4,1562361914
0,4,1965621204
4,0,2238131516
0,4,1995958251
0,4,1997812961
4,0,2263099021
0,4,1974445089
0,4,2039779782
4,0,1883464612
0,4,2187839029
4,0,1966904988
4,0,2176949122
4,0,2178082074
4,0,2199729224
0,4,1991327496
4,0,1834036101
0,4,1984601873
0,4,1961113956
0,4,2178788980
0,4,1992271679
0,4,1556360851
0,4,1992356467
0,4,2192562001
4,0,1685917672
4,0,2246116065
4,0,2049273943
0,4,1994410977
4,0,2217362024
4,0,2323492421
0,4,2174822576
4,0,2053503694
4,0,2176535059
4,0,1971915406
0,4,1993245980
0,4,1964814560
0,4,1794783941
4,0,1965887145
4,0,2197012747
4,0,1677422816
0,4,1825218926
4,0,2262400586
0,4,1834897699
4,0,2054005955
0,4,1827820002
0,4,1996518644
4,0,2055307907
0,4,2063873722
0,4,2066717717
4,0,2051249579
4,0,1791921376
4,0,1976905309
0,4,2180573618
0,4,1981724064
4,0,1881537775
4,0,2187396329
4,0,2325359809
0,4,1974332894
4,0,2055267316
4,0,2065018993
4,0,1964159645
0,4,1793483301
0,4,2070428023
0,4,1468869955
4,0,1833427018
0,4,2002141589
4,0,2321780048
4,0,2262144577
4,0,2253487641
4,0,1956023891
0,4,1975425119
0,4,2045170497
0,4,2053861047
0,4,2192140150
4,0,1792690185
0,4,1834942617
4,0,2212259293
4,0,2245178573
0,4,1968678347
0,4,2053502340
4,0,1976558032
4,0,2004043491
4,0,2242446019
0,4,2053894369
4,0,2231221308
0,4,2052494147
4,0,1833342283
0,4,1556510200
4,0,2188897117
4,0,1969336585
0,4,1992607102
4,0,1983976761
4,0,2253612218
4,0,1469269900
4,0,2324170871
4,0,2056951929
0,4,2014023109
4,0,2322784179
4,0,1999761186
4,0,1558726445
0,4,2062733801
0,4,2054035205
0,4,1980310380
4,0,2232235976
4,0,2011541308
4,0,1881752993
0,4,1993540627
0,4,1678069744
4,0,1679241097
4,0,2066060245
4,0,2191481232
0,4,1979428033
0,4,1565365365
0,4,1985557373
0,4,1974851818
0,4,1995018447
4,0,1994447094
4,0,1834111498
0,4,2186835783
0,4,1753631640
4,0,2234939097
0,4,1980034897
4,0,1833888453
0,4,1995874025
0,4,2003204139
0,4,1883077161
4,0,1991746257
4,0,1962907469
0,4,2014753660
4,0,2327662497
0,4,2064127803
0,4,1992230245
4,0,2326206444
4,0,2049697065
0,4,1974529849
0,4,1983326993
4,0,2191172102
0,4,1824637284
0,4,1978997260
4,0,2221708293
0,4,1966409863
4,0,1573485260
0,4,1971018048
0,4,1979536499
0,4,1835888198
4,0,2246778230
0,4,1834897181
0,4,2176727195
0,4,2070089307
0,4,1692176471
0,4,1556552091
0,4,2049708007
0,4,1556065268
4,0,1990349793
0,4,2060527446
4,0,1981900585
4,0,2266998369
0,4,2062648927
4,0,2000855764
4,0,2300539637
4,0,1791922600
4,0,2234766692
0,4,1969931486
4,0,2282701562
4,0,2051149296
4,0,2013514052
0,4,2016642645
4,0,1977915716
0,4,1822723156
0,4,2058726612
0,4,1692258241
4,0,1972639767
0,4,1973021025
0,4,1771210128
0,4,2187389996
0,4,1563830597
4,0,2065460737
0,4,1990565486
4,0,2053591298
4,0,2224974097
4,0,1792420652
4,0,2224975367
4,0,1574006755
4,0,2260579525
0,4,1694812972
4,0,2176538292
0,4,2016440232
0,4,2186105344
0,4,1680776689
0,4,1833921839
4,0,2064217114
0,4,1687309499
4,0,2191471767
4,0,2257442008
4,0,1557644140
0,4,2002871716
0,4,2046868012
4,0,1972425059
4,0,2066912941
0,4,2193304384
4,0,1969042202
4,0,1759878832
4,0,2067795339
4,0,2060988451
4,0,2061826540
4,0,2014197788
4,0,2209778910
4,0,1984839312
4,0,2207573643
0,4,1760179839
4,0,1794772516
4,0,2301100349
4,0,2012261849
4,0,2262764068
4,0,2232564118
4,0,2063984098
4,0,2070377275
4,0,1991860895
0,4,2179852339
4,0,1986770000
0,4,2053464168
0,4,2064037203
4,0,1559673443
0,4,1564564450
4,0,1974682319
0,4,2053623668
0,4,1967847540
0,4,2061164776
0,4,2178934131
0,4,1994724802
0,4,1694552445
0,4,2063643369
0,4,1983397388
4,0,1564095469
4,0,2018460485
0,4,1969199695
0,4,1676253081
0,4,2054904471
0,4,2175052797
0,4,1469367959
0,4,2048902399
4,0,1687155469
0,4,1881059528
4,0,2283613990
4,0,2297795163
4,0,2261537566
0,4,2191147690
4,0,1828053716
0,4,1983204428
4,0,2223705432
0,4,1970784918
0,4,2003079325
0,4,1834315632
0,4,2016123301
0,4,1989238668
4,0,2052854357
0,4,2048202160
4,0,2295334117
4,0,2181369491
0,4,2046661960
0,4,1981551234
4,0,1755729903
0,4,1999838272
0,4,1686528624
0,4,2056042096
4,0,2219507949
4,0,2264993614
4,0,1791600658
4,0,2248744290
4,0,1968440555
4,0,2051022295
4,0,2328320006
0,4,1680884655
0,4,1469760459
4,0,2000499065
4,0,2062130346
4,0,2207735707
0,4,1827902640
4,0,2238355534
4,0,2207872202
4,0,1833458873
0,4,1824430332
4,0,1753466682
4,0,1978310502
4,0,2014987658
0,4,1973880325
4,0,1557915414
0,4,2015041851
0,4,1559356958
4,0,2191609519
0,4,1979750162
0,4,1963822594
4,0,2064592635
4,0,2247678534
0,4,1751324739
0,4,1995403087
4,0,2070758929
0,4,2064056843
4,0,2070387156
4,0,2067108245
4,0,1553236037
4,0,2205113745
0,4,2048349068
0,4,1998086133
4,0,2065040075
4,0,2013822569
0,4,2189899888
4,0,1752416053
4,0,1980339324
4,0,1691410231
0,4,2015127795
4,0,2306279843
0,4,2007642150
4,0,1828042867
4,0,2015553875
4,0,1989339247
0,4,1989482645
4,0,1823814469
4,0,2176019235
4,0,2059530050
0,4,1932309787
0,4,1551270892
4,0,2267073422
0,4,2176539458
4,0,2247506185
0,4,1834184580
4,0,1989600229
4,0,2235556059
4,0,2061190288
4,0,1969333555
4,0,1753307859
0,4,2002711429
0,4,2175300940
0,4,2186554851
0,4,2015436008
4,0,2193676961
4,0,2262414424
0,4,2063069686
0,4,1975343431
0,4,2063667750
0,4,1676193843
0,4,1994029738
0,4,2188359991
0,4,2177406136
0,4,1754599331
4,0,2226386826
0,4,2055828882
0,4,2048638853
0,4,2189367809
0,4,1553926283
4,0,2232935339
4,0,2068119426
4,0,1966981206
4,0,1975065468
4,0,1996174614
0,4,2064647108
0,4,1573597333
4,0,2009364866
0,4,1962045507
0,4,2056771164
4,0,2260944348
0,4,1986641242
4,0,2211575604
0,4,1970044676
0,4,1979157950
0,4,1970179540
4,0,2257677624
4,0,2252446670
4,0,2230163102
4,0,2248551834
4,0,2202664437
0,4,1971591897
0,4,2002914471
0,4,1827219343
0,4,1824582751
4,0,1551179767
0,4,1979632145
0,4,1978989122
0,4,1751431183
0,4,2189959885
4,0,2191296430
0,4,1573252109
4,0,1825717070
0,4,2174596521
4,0,2013934573
4,0,2185077076
0,4,1694367237
0,4,1826451755
4,0,1686828899
4,0,1992351987
4,0,2186641474
0,4,2061132979
0,4,1972212044
0,4,2180749805
4,0,2205708897
4,0,2179667909
0,4,2191905081
4,0,1822539039
0,4,1974101945
0,4,1991456970
4,0,2205800646
4,0,2295215446
0,4,1833735491
4,0,2323407818
4,0,1957472414
4,0,2203875788
4,0,2054265158
0,4,2048326477
0,4,1684981732
0,4,2069228355
0,4,2064229911
0,4,2001578348
4,0,2058490718
4,0,2262289550
4,0,2178431762
0,4,1989832348
0,4,2013495503
0,4,2190656080
0,4,1684762584
0,4,2175134218
4,0,1980287632
4,0,1980562958
4,0,1986546821
0,4,1956327294
0,4,2050657297
0,4,1573928890
0,4,2044930269
0,4,1831297275
4,0,2227725771
4,0,2194328264
4,0,2063696940
0,4,1827812330
0,4,1833802719
4,0,2247552784
4,0,2282471944
0,4,1992603794
4,0,1990436668
0,4,1835501911
0,4,1693379155
4,0,2205412512
4,0,1990429095
4,0,1997260503
4,0,1957301684
0,4,2053065327
4,0,2053173907
0,4,2001298009
4,0,2183014602
0,4,1792196219
0,4,2054764604
4,0,1977536684
4,0,2230821649
0,4,2056484544
4,0,1986897510
0,4,1565294837
0,4,1880755494
4,0,1883092139
4,0,2254674714
4,0,2218290302
4,0,2071743874
4,0,2059779670
0,4,1972177813
4,0,2266221316
4,0,2322104955
4,0,1753211784
0,4,1882336878
4,0,1970419452
4,0,1759728849
4,0,1469642427
0,4,2001404553
0,4,2014693062
4,0,1678401215
0,4,1992355114
4,0,1991688740
4,0,1751949655
4,0,1972259978
4,0,2071094028
4,0,2060305622
0,4,1996787711
4,0,2065156743
0,4,2189381504
0,4,1985366963
0,4,2008810699
0,4,2013164060
4,0,1685054244
0,4,1994782412
4,0,1824743274
4,0,1989055740
4,0,1974138257
0,4,2191035313
0,4,1678239995
4,0,2326013784
4,0,2254563799
0,4,2191147936
4,0,1753231189
0,4,2001120667
0,4,1558765395
4,0,1982989985
4,0,2302828358
0,4,1834340083
4,0,1961243059
4,0,1685720185
0,4,1969783740
4,0,1996909675
0,4,2002418805
0,4,1966042682
4,0,2266226080
0,4,1835324555
4,0,2186902403
4,0,2288473366
4,0,2016130865
4,0,2246843703
0,4,1832256199
0,4,2190858783
0,4,2003537756
0,4,2050641615
4,0,1990248021
4,0,1972751510
0,4,1975040504
0,4,1835974474
4,0,1957745916
4,0,2326572993
4,0,1754192209
0,4,2190092502
0,4,1957065322
0,4,1969992398
4,0,1933141775
4,0,2000953619
0,4,1881784104
0,4,1933163201
0,4,1695137257
4,0,2051718391
4,0,2192742868
0,4,2053859329
0,4,1997890629
0,4,1792865652
0,4,2002453923
4,0,2184855474
0,4,1565878401
0,4,1835772659
4,0,2254953308
4,0,1999500328
4,0,2002161205
4,0,1676387727
4,0,2178714256
4,0,2177095671
4,0,1978441286
4,0,2070405984
4,0,2288065307
4,0,1793873036
4,0,2217361936
0,4,2064373089
4,0,2054299476
0,4,1982787500
0,4,1971604877
0,4,2189949641
4,0,2262218376
0,4,1823969950
4,0,1834125681
4,0,2218509285
0,4,1822721812
0,4,2175197089
0,4,1965952367
4,0,2251859726
4,0,1984530142
4,0,2047066566
0,4,2063854946
4,0,2227948910
0,4,2176278901
0,4,1823791724
0,4,1831347423
4,0,1932637556
4,0,2178066902
0,4,1975088292
0,4,1880381221
4,0,2053722413
0,4,1557495851
0,4,1991911169
4,0,1985395190
4,0,1997975253
4,0,2016608836
0,4,2016071376
0,4,2065056427
4,0,2207502199
4,0,1694647702
4,0,2063123233
4,0,2202378460
0,4,1998109242
4,0,2017436274
0,4,1557615386
4,0,1554461032
0,4,2012136653
4,0,2058255096
4,0,1996744687
0,4,1956072613
4,0,2064027235
0,4,2186788456
4,0,1691822659
0,4,2061281346
0,4,2071115910
0,4,1969829341
4,0,1983734284
4,0,1834702702
4,0,1676757563
0,4,2054022677
0,4,2052897293
0,4,1967641411
4,0,2061301194
4,0,1469172730
0,4,2058861596
4,0,2002776429
0,4,2062434445
4,0,1883149671
0,4,1992518706
0,4,2191147540
4,0,2209590779
4,0,2195717122
0,4,1677642632
0,4,2004432226
0,4,1966130988
0,4,2193346098
4,0,1685213823
4,0,1833781606
0,4,1978174976
0,4,1825607170
4,0,2192465576
0,4,1997427492
0,4,1976197547
4,0,1974908002
0,4,1796904794
4,0,1693018571
0,4,2065056242
0,4,1882374395
4,0,1557584809
0,4,2014449129
4,0,2262091009
0,4,1993412683
4,0,1962457423
0,4,2015050192
0,4,2015528854
0,4,1978359765
0,4,2002815670
0,4,1556361985
4,0,1977318353
4,0,2250541460
0,4,2052425245
4,0,2069871992
0,4,1983861430
4,0,1834903824
0,4,1986571529
4,0,2326572499
4,0,1977752930
4,0,1956733979
0,4,2015175348
4,0,1676424281
4,0,2190143828
4,0,1977947576
4,0,2260024375
0,4,1833736614
4,0,2205132108
4,0,2001313840
0,4,2072225907
0,4,1981801688
4,0,2001457053
4,0,1833281879
4,0,2051227907
0,4,1686638877
4,0,2000877074
0,4,2014211807
0,4,1677566035
0,4,2071241640
4,0,1551049117
4,0,2063736710
4,0,1992573871
4,0,2210795943
4,0,2010601007
4,0,1684969857
0,4,1975139302
0,4,1960396697
4,0,2300744163
0,4,1976012979
0,4,2011037714
0,4,1752964724
4,0,2065331597
4,0,1692095665
0,4,1824135548
0,4,1975155081
0,4,2063935126
4,0,2228847485
4,0,1994185945
4,0,1962460120
4,0,1996245626
0,4,1677893444
4,0,1963603407
4,0,2259517777
0,4,2047049213
4,0,2057168329
0,4,2174505401
0,4,1957276202
4,0,1557133612
0,4,1995574087
0,4,1968184165
4,0,2180103695
4,0,2046055762
0,4,2014112318
4,0,2215231432
4,0,2222293079
0,4,1989299126
0,4,2183720602
4,0,2251281815
0,4,1984716271
4,0,2049500048
0,4,1975184407
0,4,1880206985
0,4,2014888238
4,0,1823121412
0,4,2175872948
0,4,2187504348
4,0,2190641532
0,4,1695965030
0,4,2053209711
0,4,2051347095
4,0,1957429060
4,0,2177361767
4,0,2250223135
4,0,2226601204
0,4,1556859702
4,0,2017608191
0,4,2192935911
4,0,2253952181
4,0,1991303591
0,4,2053815564
4,0,2298266128
0,4,1834768511
4,0,1468293310
0,4,1677311131
4,0,1981815354
0,4,1793481936
0,4,1970518051
4,0,2200591501
4,0,2062673007
4,0,2258970366
4,0,2224747509
0,4,1967887709
0,4,1685727442
4,0,1989897759
4,0,1564275114
4,0,1960867210
4,0,1988712392
4,0,2058161693
0,4,1832787208
0,4,2189183698
0,4,2177561747
0,4,2175395283
0,4,2001956856
4,0,1824728725
4,0,2065608350
4,0,2248232254
0,4,2002441844
4,0,1548319602
4,0,2003229650
0,4,2189369735
0,4,1881187433
4,0,1881060436
0,4,1688043632
4,0,1828024584
0,4,1991796239
0,4,1973365696
4,0,1989741850
0,4,1881754375
0,4,1956246359
4,0,1991189594
0,4,1468851257
0,4,2192938847
0,4,1956309909
0,4,2013179966
4,0,2061514319
0,4,1974776762
4,0,1695466930
0,4,1468527858
4,0,1972624038
4,0,2071744089
4,0,2175877402
0,4,1999339913
4,0,2219444090
0,4,1980454888
0,4,2190114249
0,4,2007164150
4,0,1556606151
4,0,2230594608
4,0,2285820971
4,0,2045841638
0,4,1969386205
4,0,2067502388
4,0,1971059925
0,4,1833565153
0,4,1972329512
4,0,1677207746
0,4,2000923900
4,0,2287882698
0,4,1879952416
4,0,1557680197
4,0,1966195083
0,4,1677458774
0,4,2176361006
0,4,1553462868
0,4,1974381482
4,0,1983182162
4,0,2260267237
4,0,1968788388
4,0,2259205130
4,0,1999622490
4,0,1971851239
4,0,2175219130
0,4,1998917266
4,0,2061553277
4,0,1996192111
4,0,1969597259
0,4,1981145763
4,0,2265758826
4,0,1833580364
0,4,2065576808
0,4,1468350990
0,4,2053023663
4,0,1825160765
0,4,1684847803
4,0,2057275827
0,4,2000428122
4,0,1692295722
4,0,2222647885
4,0,2187369128
0,4,2193473960
0,4,1981707307
4,0,1556701241
4,0,1985330223
4,0,2252926615
4,0,1966107186
0,4,2174922351
4,0,2323064839
0,4,1759164822
0,4,1967945321
4,0,2217247717
0,4,2044814850
4,0,2266164979
0,4,1992455857
0,4,1564831242
0,4,1551492312
0,4,1694726768
0,4,2179926504
0,4,1986786468
0,4,1559068472
0,4,2013536004
0,4,1468363696
4,0,2233003938
0,4,2003313756
0,4,1468323352
0,4,2055538669
0,4,1932858345
4,0,2211257960
4,0,2223164504
0,4,1975217477
4,0,2053144387
4,0,2246824825
0,4,1554166882
4,0,2016634229
0,4,2177803159
4,0,2225719175
4,0,2233028834
0,4,2190223786
0,4,1990683336
0,4,1880633614
4,0,2216862451
0,4,1983207574
0,4,2001855472
0,4,2053489850
0,4,2015051837
0,4,2011036397
0,4,1770548980
4,0,1982360586
4,0,1565096048
4,0,2231753707
0,4,2179083284
0,4,1676131330
0,4,1976092811
0,4,1998696896
4,0,2067114961
0,4,1574087957
0,4,1693209039
4,0,2295876145
0,4,1997539608
4,0,2001270228
0,4,2190092725
4,0,1563807026
0,4,1989756576
0,4,1676314127
4,0,2248641047
4,0,1835313294
4,0,2203253480
0,4,1834516908
4,0,1975221731
4,0,1564646271
0,4,2185688837
0,4,1572844206
0,4,1990113456
4,0,1972180784
0,4,2014691453
4,0,1794908642
4,0,2300593295
0,4,1956072585
4,0,2068628581
0,4,1932293682
4,0,2069520832
4,0,2228115989
4,0,2067973002
0,4,1975982905
0,4,1685031414
4,0,2176376260
4,0,1980608730
0,4,1981935469
0,4,1990023395
4,0,2177578071
0,4,2061525160
4,0,2204429144
0,4,1984900628
0,4,1753309879
0,4,1979334350
0,4,1685519453
4,0,2203432054
4,0,2328497702
4,0,2231083491
0,4,1551427323
4,0,2048255466
4,0,2069781685
4,0,2247750559
0,4,2052747849
0,4,1993750006
0,4,1979707351
0,4,1573530814
4,0,1969033350
4,0,2229429439
4,0,2060633011
0,4,1978972341
0,4,2002015528
0,4,2015905004
4,0,2224567632
0,4,1991605205
0,4,1995468359
0,4,2052857472
0,4,1694091113
4,0,2048427140
0,4,1795269197
0,4,1963027200
4,0,1970747712
4,0,1557235928
4,0,2013504283
4,0,2262491646
0,4,1751500571
4,0,1973833126
0,4,2058658659
0,4,2187837589
4,0,2231577178
4,0,2189294017
0,4,1956110647
0,4,2052588727
0,4,1975008124
4,0,2178613651
4,0,2219283050
4,0,2285689809
0,4,2044427486
4,0,1759163629
4,0,2056091916
0,4,1883640608
4,0,1969605375
4,0,2236117841
0,4,1983863774
4,0,2215916546
0,4,2065768783
4,0,1573322799
0,4,1970443605
4,0,2322596314
4,0,1687058162
0,4,1964524421
0,4,1827731688
4,0,1993859360
0,4,1998371510
4,0,2183348020
4,0,2266906994
4,0,2010644681
4,0,2054832944
4,0,1966228071
0,4,1989391854
4,0,1550842657
0,4,2176552420
4,0,2179824495
0,4,1676369117
0,4,1977779735
0,4,1981375366
4,0,1961059288
4,0,1979755052
0,4,2187859491
0,4,1880783331
4,0,2225776473
4,0,1879965913
0,4,1695249050
4,0,1678905446
0,4,2189998071
4,0,2234616921
4,0,2177134563
0,4,1979714962
4,0,2257994682
4,0,2192460151
0,4,1978816189
0,4,1559129556
4,0,2248525938
0,4,1932886859
4,0,2237292181
4,0,2178156580
0,4,1557108349
0,4,1469026374
0,4,2003292865
4,0,2214772931
4,0,2218976263
0,4,1960762111
4,0,1556721843
0,4,2176699744
0,4,1677330082
4,0,2062438113
4,0,2070167100
4,0,1573159475
4,0,2254539294
4,0,2051012325
0,4,1676972538
4,0,2204890513
4,0,2183671424
4,0,1971042103
0,4,2052771439
4,0,2301500697
0,4,1964708012
4,0,1974439106
4,0,1960425693
0,4,1982770345
4,0,2001405085
0,4,2190750689
0,4,2062448130
0,4,2044314342
4,0,2205861773
4,0,2299505921
0,4,1468788316
0,4,2013982456
0,4,2070747966
0,4,1961922459
0,4,2018641631
0,4,2018376280
4,0,2288117080
0,4,1970197396
0,4,1993601133
0,4,1985401668
0,4,1836133712
0,4,2055667108
4,0,2236663509
4,0,1972397859
0,4,2189252616
0,4,1969767851
4,0,2246676433
4,0,1880201027
4,0,2323029499
4,0,1677712355
0,4,2058027787
0,4,2062447973
0,4,1975739142
0,4,2015985772
0,4,1971577875
4,0,1880916014
4,0,2229174115
4,0,2055388623
4,0,1986183763
4,0,2060541783
0,4,2184946842
0,4,1558885636
4,0,2050821922
4,0,1793068369
4,0,2264761004
0,4,1967870016
0,4,2053316113
0,4,1989032082
0,4,1693831043
0,4,1677187526
4,0,2000628048
4,0,2197757258
4,0,1685474753
4,0,1828032709
4,0,2322740116
4,0,2070619778
0,4,1754708424
4,0,2205081662
0,4,2044847206
4,0,2176647991
4,0,1834471224
0,4,2033645275
0,4,2062626062
0,4,1968849683
4,0,2052620702
4,0,2196894070
4,0,1564463278
0,4,1564103697
4,0,1963649102
4,0,2190627159
4,0,2062578938
0,4,1993815676
0,4,2002710750
0,4,1933223520
4,0,2222153716
4,0,2053950195
4,0,2205368898
4,0,2300966636
4,0,2218666967
4,0,2257633883
0,4,1827423272
0,4,1556986559
0,4,1961786273
0,4,2193031733
4,0,2001692811
4,0,2191219025
4,0,2220651111
0,4,1688818625
0,4,1996257822
0,4,1558676679
0,4,2192082966
0,4,1994997850
0,4,2059382227
4,0,1991102365
0,4,1996257100
0,4,1467823046
4,0,2015777146
0,4,2013855177
0,4,2061365229
4,0,1557579492
4,0,2015424790
4,0,1882086549
0,4,1968182911
0,4,2176113214
4,0,1556609622
0,4,1826036855
4,0,2262732886
0,4,1984414713
4,0,2016129779
4,0,2191034437
0,4,1687125121
0,4,2015667870
4,0,2175423816
0,4,1557242756
0,4,2011927964
0,4,1977579125
0,4,1880937071
0,4,2189925441
0,4,1827778353
0,4,1558023873
0,4,1980017547
4,0,2067713763
0,4,1961529066
0,4,1827437673
0,4,1975518024
4,0,2069937242
4,0,1996886179
0,4,2030755804
4,0,1558254605
4,0,2006459542
4,0,2059947755
4,0,2016999562
0,4,1563918914
4,0,2204763607
0,4,2186675200
4,0,1981391396
4,0,2222797168
0,4,1550847854
4,0,1558066637
0,4,2065697920
4,0,1977808879
0,4,2061394960
0,4,2047856380
0,4,1984395758
0,4,1973809367
0,4,1994828373
4,0,2249015598
0,4,1836189437
0,4,2176348547
0,4,1933020610
4,0,1988864103
0,4,1957053685
4,0,2016094787
4,0,2241582160
0,4,1956277054
4,0,2008578916
0,4,2067470521
4,0,1685855175
4,0,2185441699
4,0,2256189656
0,4,2188849060
4,0,1999008321
0,4,2015723770
0,4,1997048398
4,0,1964592011
4,0,2065852324
4,0,1990436133
4,0,1573299338
0,4,1978544281
4,0,1974789226
4,0,2214278368
4,0,1992219194
0,4,1996536526
4,0,2058531311
4,0,1687008146
0,4,1972774537
0,4,2182528025
0,4,1882230451
4,0,2234715177
4,0,1556794166
4,0,2325291014
4,0,1966127869
4,0,2197818947
0,4,1999932520
4,0,2178801392
0,4,1989713332
0,4,2188897998
0,4,1977027067
0,4,1990969320
0,4,2064896422
0,4,1998433269
0,4,1553773447
4,0,1995542235
4,0,2199031203
0,4,1692528269
0,4,2052447363
4,0,1995287167
4,0,2206436240
0,4,1880534453
0,4,1968679229
4,0,1881246469
0,4,2185145207
4,0,2259058791
4,0,1557029129
0,4,2068275388
4,0,1969469342
0,4,1677055474
4,0,2049456132
4,0,1693203970
4,0,1985140663
0,4,2055509594
4,0,1956888328
0,4,1793829089
0,4,2072188554
0,4,1832351284
4,0,1964127614
4,0,1964246804
4,0,1963531079
0,4,2064200474
0,4,1980566488
0,4,2186362818
0,4,2000790215
0,4,1978639293
0,4,2190197218
4,0,2216762051
0,4,1999020740
0,4,1965563541
4,0,2245483446
0,4,1835247689
4,0,1834399328
4,0,1795953972
0,4,2066029664
0,4,1688114114
4,0,1795501115
0,4,1551807114
4,0,2214503946
4,0,2286221187
0,4,2177484548
0,4,1998672713
4,0,1975753570
0,4,2062213334
4,0,2069989234
4,0,2178641402
0,4,1986006253
4,0,1822461923
0,4,2015784644
4,0,1973447806
0,4,2179629746
4,0,2001641687
0,4,2175012451
4,0,1792352669
4,0,2263089155
4,0,2232162007
0,4,2052596834
4,0,2057818739
0,4,1984847555
4,0,1834160211
0,4,1468022154
4,0,1996606351
0,4,1836226421
4,0,2054482218
0,4,2061198652
4,0,1963408939
0,4,2186315852
4,0,2217247226
0,4,2050829441
4,0,2016050359
4,0,2204250730
4,0,1977727103
4,0,2186073054
0,4,1564503761
0,4,2062303571
4,0,1468141439
4,0,1972253388
0,4,2193029793
0,4,1563758374
0,4,2017015076
0,4,1996216128
4,0,1974017254
0,4,1970792485
4,0,2176782421
0,4,1553240921
0,4,1835259239
4,0,1692017472
4,0,1972614327
4,0,2189525124
4,0,2227259424
0,4,2052551115
4,0,2325554288
4,0,2220730856
0,4,2068965661
4,0,2066899300
0,4,1968025577
0,4,1827994387
0,4,2052719106
4,0,2001034271
0,4,2062656961
4,0,2253775235
4,0,1977753126
0,4,2001577743
4,0,2216667714
4,0,2236494295
4,0,1563611376
4,0,1970769559
4,0,2254191261
0,4,2191903935
0,4,2015151444
0,4,2000153119
4,0,1879914989
0,4,2178933785
0,4,2193453250
4,0,2288758190
0,4,1962398562
0,4,1989903419
0,4,1695618512
0,4,2061904935
4,0,2238400338
4,0,2052822329
4,0,1996478583
4,0,1795267023
4,0,1833448149
0,4,2061698312
4,0,2066919710
4,0,1694392375
0,4,1469369598
4,0,2191352110
0,4,1976531735
4,0,2048063423
0,4,2066463494
4,0,1883343138
4,0,1960864881
0,4,2064594138
0,4,1974150776
0,4,1754400430
4,0,1997556674
4,0,1965698138
4,0,2044616887
4,0,2014720087
0,4,1983970733
4,0,2262035764
0,4,2189539236
4,0,2235393425
4,0,2221401435
0,4,2064302992
4,0,1881019472
4,0,1822897576
0,4,2175838811
4,0,2071869206
4,0,2263093238
4,0,2323067540
4,0,1973021054
4,0,2299850927
4,0,2059288110
0,4,1559677492
4,0,2322815267
0,4,1962798803
0,4,1827705794
0,4,1684847233
0,4,2013470451
0,4,2015722464
0,4,2002830925
4,0,2014908428
0,4,1573579796
0,4,2190256756
4,0,2186549606
0,4,1794909438
4,0,1882256356
4,0,2178854424
4,0,2254356728
4,0,2236545869
4,0,1991756511
0,4,1980311345
4,0,2245506113
4,0,2062186675
4,0,2182503610
0,4,1827584721
4,0,1881700802
0,4,1980467378
4,0,2066959156
4,0,2258604582
4,0,2193975180
0,4,1677579918
0,4,1468956216
0,4,1551618899
4,0,2266708551
0,4,2063383383
4,0,2239484459
0,4,2188787319
0,4,1687184919
4,0,2222229440
0,4,1882109437
4,0,2072213230
0,4,1694222692
4,0,1835149415
0,4,2059881665
0,4,1999390533
4,0,2222044363
0,4,2014825212
4,0,2062211188
0,4,2059232262
0,4,1880606965
0,4,1965544428
0,4,2052173376
0,4,1956687021
4,0,1469757896
0,4,2190362980
4,0,1995882826
0,4,1995192416
0,4,1971112157
4,0,1753665095
0,4,1824182353
0,4,2015336491
0,4,1824246100
4,0,1990611578
4,0,2039678872
4,0,2259858285
4,0,1932857872
0,4,2191003412
0,4,1835548598
0,4,1972472818
0,4,1975533891
4,0,2262156029
4,0,2227763004
4,0,2044050625
4,0,2187856818
4,0,2244282603
0,4,1824203706
0,4,1971109316
4,0,2251176695
4,0,2204406702
4,0,2261670244
0,4,1972987530
0,4,1961113314
0,4,1827939149
0,4,2071795540
0,4,2011632671
0,4,2180548126
0,4,1880313657
4,0,1985093681
4,0,1991136022
0,4,2181699770
4,0,2228807283
4,0,1976905800
4,0,2286672546
4,0,2286743671
4,0,2196209439
0,4,2069604944
4,0,2267036185
0,4,2065663298
4,0,1564070541
0,4,2053132095
0,4,2001771572
0,4,2033595822
4,0,2218317947
4,0,2203840337
0,4,1998085972
4,0,1554518532
4,0,1989675053
4,0,2265999433
4,0,2071552781
4,0,1932488838
4,0,2229937695
4,0,2202655665
4,0,2323773945
0,4,1981086899
4,0,1882260940
0,4,1932699360
4,0,1751881418
4,0,2049399001
4,0,1989830873
4,0,2016568955
4,0,1676579153
0,4,1957125696
0,4,2004972457
4,0,1691119156
4,0,1973528321
4,0,1974641058
0,4,1967775539
4,0,2176742615
4,0,1695053664
0,4,1981279182
4,0,1823841605
4,0,1977456179
4,0,2229835356
0,4,1882012584
0,4,1972294343
4,0,2236686232
0,4,1467844496
4,0,1881838716
4,0,2327292073
4,0,2191568868
0,4,1677686886
0,4,1834375554
4,0,1955948430
4,0,2219152819
4,0,2190389369
0,4,2067453180
4,0,1984070205
4,0,2176264229
4,0,2221152519
0,4,1880801990
0,4,1961767016
4,0,2218978291
0,4,1694835175
4,0,2286928659
0,4,1880755293
4,0,2252934869
4,0,1968933919
0,4,2001077413
4,0,1988771138
4,0,1985132677
4,0,1551331383
0,4,1990051361
0,4,1979007194
0,4,1694203788
4,0,2060937765
4,0,2222302314
0,4,2047746722
0,4,2069863475
0,4,1963243460
4,0,2297395644
4,0,2226437137
4,0,1997045116
4,0,1825556778
0,4,1988736262
4,0,2218674847
0,4,1971873550
4,0,2224072266
0,4,2176526413
0,4,2067586792
4,0,2300740145
4,0,1833609162
0,4,1997425873
0,4,2062725172
4,0,2324861063
0,4,2000827514
0,4,1796857377
4,0,1827448805
0,4,1993120594
0,4,1990550287
0,4,2062797552
4,0,2231954425
4,0,2062462844
0,4,1677133500
0,4,1980552206
4,0,2211879447
0,4,1933096711
0,4,1827846187
4,0,2052406333
4,0,1755181321
4,0,1573359893
4,0,2203226114
4,0,1983050211
4,0,2183571567
4,0,1975974650
0,4,2053908077
4,0,2175847582
4,0,1955981915
4,0,2062908053
0,4,1836117517
4,0,1978448660
0,4,1985400868
4,0,1970907096
0,4,2064532032
4,0,2267221052
0,4,2177349112
4,0,2019063353
4,0,1754318478
0,4,1834616083
0,4,2016399431
4,0,1976254214
0,4,2064742609
0,4,2187819408
4,0,2198581070
0,4,1882248866
0,4,1826278428
4,0,1973600281
0,4,2189109608
0,4,2174660802
4,0,2012552114
4,0,2225438104
0,4,2000415571
0,4,1833647435
0,4,2002777609
0,4,2002153594
0,4,1971231329
0,4,1685608923
0,4,2002232147
0,4,1975613283
0,4,2070407635
0,4,1990953879
0,4,1988893034
4,0,1957738949
4,0,1553179544
4,0,2002434115
0,4,2190046061
0,4,2056371849
4,0,2015491890
4,0,2264637819
4,0,2003826800
0,4,2053816641
0,4,1957542093
0,4,1990682302
4,0,2200144904
0,4,2060000387
0,4,2004452778
0,4,1976468031
0,4,2192768638
0,4,2045483537
0,4,1833802829
4,0,1836031467
0,4,1833994033
4,0,2053791115
0,4,1882466664
4,0,1981613499
4,0,2175447381
0,4,2175590177
0,4,2063033821
0,4,1958097406
0,4,1999292398
4,0,1826374428
4,0,1986639450
4,0,2057402708
4,0,1972178882
4,0,2039859105
0,4,2017684590
0,4,1979805165
0,4,2057993029
0,4,1957087504
4,0,2000094353
0,4,2054609470
0,4,1557556783
4,0,1985521028
4,0,1981494013
4,0,2199660687
4,0,2198386336
0,4,1956057911
0,4,1983433495
4,0,2178461549
0,4,2064271818
4,0,2242703083
0,4,1678944638
0,4,1676827338
0,4,2053047305
4,0,1836173778
0,4,2191404569
4,0,1980822577
4,0,2199456316
0,4,1971440696
4,0,1985478051
0,4,2183022073
4,0,2231626859
0,4,1982856159
0,4,2000709333
0,4,1961593466
0,4,1563867822
4,0,2267033363
4,0,1962935019
4,0,2199899652
4,0,2227182970
0,4,1973400421
4,0,2203735455
0,4,1975233353
4,0,1759615612
0,4,2062080445
4,0,1469842102
0,4,2001820779
4,0,1994290319
0,4,2071283443
0,4,2067939553
4,0,2063523113
4,0,1828065420
0,4,2066047292
0,4,1564038345
4,0,2260640301
0,4,2177409655
4,0,1982211971
0,4,2003263095
0,4,1833011400
0,4,2002298070
4,0,2250813468
4,0,1972237416
4,0,2200098479
0,4,1996954921
4,0,1770739995
4,0,2053835647
4,0,1755082319
4,0,2176031149
4,0,2062354960
0,4,1985101337
4,0,2285378158
0,4,2051457630
4,0,2174757151
4,0,2062305336
4,0,1684896033
4,0,2238941188
0,4,1989490494
0,4,1991137055
0,4,1932481527
0,4,1977080525
4,0,2059994159
4,0,2017391462
0,4,2059202007
4,0,2323526760
0,4,2192247766
0,4,2050903956
0,4,2184298618
4,0,1564644828
4,0,2214317671
4,0,2054174641
0,4,1792917517
0,4,1677093740
4,0,2175120654
4,0,1695403228
4,0,1822828419
0,4,2188416783
4,0,1967098968
4,0,2013399941
0,4,1755708109
4,0,2203584431
0,4,1833813489
4,0,1686920875
4,0,1994431534
4,0,1678752734
4,0,1557999746
0,4,1978448943
4,0,2216339928
0,4,2188751676
0,4,1573385524
0,4,1882146601
0,4,1984518086
4,0,2211285481
0,4,1685030594
4,0,2259537901
0,4,2184530537
4,0,2187126967
4,0,2235034671
0,4,2055619526
0,4,1833380117
0,4,1881451798
0,4,2052880870
4,0,2235136977
0,4,1754024315
0,4,1834830511
4,0,2055633748
4,0,2285477616
0,4,1684927674
4,0,2299697792
0,4,1975628152
4,0,2298574717
4,0,2072437483
0,4,1557632526
4,0,2210612389
4,0,2244535396
4,0,1985629149
4,0,2176341965
0,4,2001666523
4,0,2264047054
0,4,2004685835
4,0,2070289236
4,0,2218053895
0,4,2185286666
0,4,1996357152
0,4,1992229457
4,0,1833818886
4,0,1962702878
0,4,1564297902
0,4,1957690280
4,0,2215070867
0,4,1691052283
4,0,2015133678
0,4,1556590682
0,4,1967115595
0,4,2177843764
4,0,1956099550
0,4,1965619672
4,0,2299765516
4,0,2222873077
0,4,2175587142
0,4,2175873308
0,4,2008965132
0,4,1694312237
0,4,2012722962
0,4,1961832475
4,0,1973039969
4,0,2263865121
4,0,2204637855
4,0,2230370032
4,0,1962015688
0,4,2053801687
4,0,2215243571
4,0,2257294202
0,4,2016087347
0,4,1965508306
0,4,1992687023
4,0,2013760796
0,4,1973879330
0,4,1970309195
4,0,1976102785
4,0,1956254612
0,4,2188719270
4,0,2199471542
0,4,1690943538
0,4,1752321034
4,0,1997064547
4,0,1685363424
4,0,1982581761
4,0,2176858987
0,4,1985892780
4,0,1882404021
0,4,2013288726
0,4,2061848594
4,0,1961258509
4,0,2241028778
4,0,2213709266
0,4,1693609326
0,4,1563736537
4,0,2220756806
0,4,2054047875
4,0,2299300371
0,4,2188228092
4,0,2238002726
4,0,2246978155
0,4,2014317083
4,0,2177557395
0,4,1564121955
4,0,1991074956
0,4,1676872434
4,0,1564363153
4,0,2002436272
4,0,2058157289
4,0,2000937602
4,0,2214603524
4,0,2217418177
4,0,2285852802
0,4,2063589457
4,0,1997871546
4,0,2228212831
4,0,2296033934
